#ID Object      z       logM∗           SFR     Te(OIII)                12+log(O/H)Te         
# 1             2       3       4       5       6       7       8       9       10      11    
1 COSMOS_12805  2.159   9.24    0.17    18      1.29    +0.78	-0.09   8.06    +0.12   -0.12  
2 SMACS_0304    1.963   10.57   0.08    16      1.03    +0.03	-0.04   8.36    +0.06   -0.25
3 BX74          2.189   9.72    nan     58.1    1.36    +0.11	-0.09   8.10    +0.08   -0.08
4 BX418         2.305   9.45    nan     52.0    1.28    +0.06 	-0.05   8.10    +0.05   -0.06
5 BX660         2.174   9.73    nan     28.8    1.27    +0.07	-0.07   8.15    +0.07   -0.06
6 the_Lynx_arc  3.357   7.75    nan     97      1.74    +0.05	-0.04   7.77    +0.04   -0.03
7 Abell_22.3    1.703   8.5     0.2     76      3.01    +1.18	-0.83   7.33    +0.26   -0.22
8 SGAS_1050     3.625   9.5     0.35    84      1.05    +0.03	-0.04   8.43    +0.05   -0.04
9 CSWA20        1.433   nan     nan     5.7     1.41    +0.22	-0.19   7.90    +0.17   -0.14
10 MACS_0451    2.060   7.49    nan     906     2.19    +0.34	-0.36   7.32    +0.17   -0.12
11 Abell_860_359 1.702  7.86    nan     55      1.28    +0.10	-0.12   8.06    +0.12   -0.09
12 S16-stack    2.396   9.8     0.3e    29.2    1.21    +0.03	-0.04   8.17    +0.03   -0.03
