#ID Name            O III]              O III]          OIII]           N III]          [O II]              [O III]         [O III]         [O III]             [O III]         [N II]
#                   1661                1666            1661+1666       1750            3727                 4363           4959            5007                4959+5007       6584       
#   1               2           3       4       5       6       7       8       9       10          11      12      13      14      15      16      17          18      19      20      21
1   COSMOS_12805    0.049	0.012   0.075   0.015   0.124   0.019   0.042   nan     2.90        nan     nan     nan     1.89    0.42    6.46    0.29        8.35    0.53    0.100   nan
2   SMACS_0304      0.014	0.003   0.023   0.004   0.037   0.007   nan     nan     2.10        0.02    nan     nan     1.339   0.004   4.714   0.007       6.053   0.011   0.116   0.005
3   BX74            0           0       0.12    0.01    0.12	0.01    nan     nan     1.01        0.04    nan     nan     2.47    1.52    7.9     1.0         10.37   0.52    0.12    0.03
4   BX418           0           0       0.14    0.04    0.14	0.02    nan     nan     0.90        0.03    nan     nan     2.3     0.7     6.4     0.3         8.7     0.4     0.15    0.03
5   BX660           0           0       0.21    0.04    0.21	0.04    nan     nan     0.87        0.04    nan     nan     3.2     0.8     6.4     0.3         9.6     0.5     0.07    nan
6   the_Lynx_arc    0.18        0.02    0.38    0.02    0.56	0.04    0.18    0.02    0.25        nan     nan     nan     2.58    0.3     7.50    0.3         10.08   0.6     nan     nan
7   Abell_22.3      nan         nan     nan     nan     nan     nan     nan     nan     1.11	    0.3     0.27    0.10    1.98    0.3     6.45    0.3         8.43    0.6     0.050   nan
8   SGAS_1050       0.018	0.007   0.051   0.007   0.069   0.014   0.014   0.005   0.79        0.02    0.014   nan     2.35    0.02    8.08    0.02        10.43   0.04    nan     nan
9   CSWA20          0.04        0.04    0.10    0.04    0.14    0.08    nan     nan     0.47        0.2     0.05    0.03    1.67    0.10    4.97    0.29        6.64    0.39    0.06    0.02
10  MACS_0451       0.2	        0.1     0.3     0.1     0.5     0.2     0.1     nan     0.63        nan     nan     nan     1.37    0.05    3.95    0.05        5.31    0.10    0.065   nan
11  Abell_860_359   0.03        nan     0.083	0.029   0.12    0.04    0.03    nan     1.2         nan     nan     nan     2.03    0.03    6.12    0.10        8.15    0.13    nan     nan
12  S16-stack       0.009	0.003   0.025   0.003   0.034   0.004   nan     nan     2.15        0.04    0.06    nan     1.46    0.02    4.37    0.02        5.83    0.02    0.35    0.02
